{
 "cells": [
  {
   "attachments": {
    "python-data-analysis-cover.jpg": {
     "image/jpeg": "/9j/4AAQSkZJRgABAQAAAQABAAD/2wBDAAsICAgICAsICAsQCwkLEBMOCwsOExYSEhMSEhYVERMS\nEhMRFRUZGhsaGRUhISQkISEwLy8vMDY2NjY2NjY2Njb/2wBDAQwLCwwNDA8NDQ8TDg4OExQODw8O\nFBoSEhQSEhoiGBUVFRUYIh4gGxsbIB4lJSIiJSUvLywvLzY2NjY2NjY2Njb/wAARCADwAKADASIA\nAhEBAxEB/8QAHwAAAQUBAQEBAQEAAAAAAAAAAAECAwQFBgcICQoL/8QAtRAAAgEDAwIEAwUFBAQA\nAAF9AQIDAAQRBRIhMUEGE1FhByJxFDKBkaEII0KxwRVS0fAkM2JyggkKFhcYGRolJicoKSo0NTY3\nODk6Q0RFRkdISUpTVFVWV1hZWmNkZWZnaGlqc3R1dnd4eXqDhIWGh4iJipKTlJWWl5iZmqKjpKWm\np6ipqrKztLW2t7i5usLDxMXGx8jJytLT1NXW19jZ2uHi4+Tl5ufo6erx8vP09fb3+Pn6/8QAHwEA\nAwEBAQEBAQEBAQAAAAAAAAECAwQFBgcICQoL/8QAtREAAgECBAQDBAcFBAQAAQJ3AAECAxEEBSEx\nBhJBUQdhcRMiMoEIFEKRobHBCSMzUvAVYnLRChYkNOEl8RcYGRomJygpKjU2Nzg5OkNERUZHSElK\nU1RVVldYWVpjZGVmZ2hpanN0dXZ3eHl6goOEhYaHiImKkpOUlZaXmJmaoqOkpaanqKmqsrO0tba3\nuLm6wsPExcbHyMnK0tPU1dbX2Nna4uPk5ebn6Onq8vP09fb3+Pn6/9oADAMBAAIRAxEAPwD1Sik3\nL2I/OoLjUNNs2CXt5BbOwyqzSIhI6ZAcjIoGouTtFOT7JXZYoqj/AG5oP/QUtP8Av/F/8VR/bmg/\n9BS0/wC/8f8A8VSuu6L9jV/59z/8BZeoql/beg/9BS0/7/x//FUf23oP/QUtP+/8f/xVF13Qexq/\n8+5/+Asu0VS/tvQv+gpaf9/4/wD4qj+29C/6Clp/3/j/APiqLrug9jV/59z/APAWXaKpf23oX/QU\ntP8Av/H/APFUf23oX/QUtP8Av/H/APFUXXdB7Gr/AM+5/wDgLLtFUv7b0L/oKWn/AH/j/wDiqP7b\n0L/oKWn/AH/j/wDiqLrug9jV/wCfc/8AwFl2iqX9t6F/0FLT/v8Ax/8AxVH9t6F/0FLT/v8Ax/8A\nxVF13Qexq/8APuf/AICy7RVL+29C/wCgpaf9/wCP/wCKqNvEfhlWKvrNirDqpuYQR9QXp3RMoTjr\nKMop9ZJr8zRorN/4STwv/wBBuw/8Cof/AIunJ4i8NSNtj1mxdj0VbmEn8g9Akm2kldvRJbs0KKr2\n+oadeMyWV5Bcuoy6xSI5A6ZIQnAqfcvqPzoBxcXaScX2as/uJ4/uL9B/KuD8bw21xr9ilwFci1ka\nCF22LLKCTHGzZGAx9xnpkZrvI/uL9B/KqOo6FpOrSJLqNqs8kY2ozFhgZzj5SO9TOPNGy8tzpwOI\njh66qS5rcso+58SclZPdfmeax2+iRzsl/bwW0otvOnQmSVIpmmjiEexJkbAj+fbvJGTnOMVPJpei\nqIBHAnkPclJpGJZlj+0Mg/erOFUGMDHyNxzuruP+EN8M/wDQOj/N/wD4qk/4Q3wz/wBA6P8AN/8A\n4qsvZPtH+vkeq82o3TU8QtbtaNeivK/3tnncmiRmW5+zxKyPaxS2PzrhpP3Blx83ozcGqmqJpcAg\nSzg2yTR+dPufd5bsdvlJg9EKkjPPPNeof8Ib4Z/6B0f5v/8AFUf8Id4Z/wCgdH+bf/FUeyfl/XyN\nIZ1RTi5e2ko9Ekr6W19932v6njuI6MR17F/wh3hn/oHR/m3/AMVR/wAId4Z/6B0f5t/8VS9jLujb\n/WDDf8+6v/kv+Z47iOjEdexf8Id4Z/6B0f5t/wDFUf8ACHeGf+gdH+bf/FUexl3Qf6wYb/n3V/8A\nJf8AM8dxHRiOvYv+EO8M/wDQOj/Nv/iqP+EO8M/9A6P82/8AiqPYy7oP9YMN/wA+6v8A5L/meO4j\noxHXsX/CHeGf+gdH+bf/ABVH/CHeGf8AoHR/m3/xVHsZd0H+sGG/591f/Jf8zx3EdVL/AE6C8Xem\nFuF+63ZvY17b/wAId4Z/6B0f5t/8VR/wh3hn/oHR/m3/AMVTVKad01czrZzga9OVKrRqyhLde7dP\no076NdGfPlla2Mt4LfUpXtIhuDyIgdgwHyqQWUAMeM5461q6/oMtldre6bbkWMqCWMwbpBFtX5y7\nhdoztLgqSpH3SRzXp3i74aaZq1iZNEiWz1SEFoiCdkoH/LKTJOM9m7fSvMtM1aaxc+H/ABAJIrK2\nZxcWg+SWRhhhayzDLLC7qM4B7dgMb9NT52XKpP2blyp+65aSt0btszr/AIT6pbz6pdwSusd28A2I\nSB5gVgWKDuQOSK9Zb7p+lfPevaFqOjzrrVs8du6yeYiWfmL9nYY+ZS4HyknIwSCOR8pGfT/AnjyH\nxPB/Z2oFYdbiX506LOoH+siHr/eXt1HHRKKirLYuvXqV5+0qvmnZRcur5VZN+fc7OP7i/Qfyp1Nj\n+4v0H8qdTMQooooAKKKKACiiigAooooAKKKKACiiigAooooAK43x54Dt/FFv9tstsOtQLiKU8LKo\nyRFJ/Ru30rsqKAPnvRdZk0uaTQdfRoYIy8cokLAwsuXVHVUkLJ5gyMKQCQxDbQKr6xpU3h7Ube6s\nrj927mWwuI2/eIY2AOSAOhPUcdR1DAetePPAdv4og+22W2HWoFxFKeFlUc+VL/Q9vpXiUq3UNy1r\nfq8d3bEQyQy53Js4CjPYDpjigZ9Ox/cX6D+VOpsf3F+g/lXnPxKklTU7ERyOgMDZCkj+M+lTOXKr\n2udOCwv1qvGipcnMm+a1/hV9tD0iivGIdI1ie1W+S6jW1chRI93GgDkZCNukG1sc4PNVr221TTnR\nLySRRKu+GRZd8br0yjozKfwNZ+1f8rPTjkcJS5Y4uDlquVR1ut9Oboe4UV4P51z/AM/En/fbf40e\nfcA48+X/AL7b/Gj23938TT/V5/8AQQv/AAX/AME94orw+8t9R09o1ubgkTJ5kLxzeYjLkrkNGxHU\nEdar+dc/8/En/fbf40e2/u/iTHIOZKUcTGSezULr/wBKPeKK8H864/5+JP8Avtv8aPOuP+fiT/vt\nv8aPbf3fxK/1ef8A0EL/AMF/8E94orwjzrn/AJ7yf99t/jVqKz1Kaza/Nz5VsCyo0s+wyMgBZYlZ\ngXIyOlHtv7v4kyyBRV5YmKTdleG7fT4j22ivBxPcH/lvL/323+NHnXH/AD8Sf99t/jR7b+7+JX+r\nz/6CF/4L/wCCe8UV4R5tz/z3k/77b/Gjzbn/AJ7yf99t/jR7b+7+Iv8AV5/9BC/8F/8ABPd6K8I8\n25/57yf99t/jR5tz/wA95P8Avtv8aPbf3fxD/V5/9BC/8F/8E93rjfHXgSDxND9usdsGtwD91L0W\nZR/yylIH/fJ7fSsr4bSSvqd8JJGcCFcBmJ/jHqa9HPQ/StIS5le1jycbhfqteVHm5+VJ81rfEr7a\njY/uL9B/KvOPiX/yFLH/AK4N/wCh16PH9xfoP5V5x8S/+QnY/wDXBv8A0Opq/A/kdWSf7/D/AAz/\nAPSWZNnZT3/hWeG32b11BGPmyJEMeSw4aVlBPPTOant49Mig07w9qsouWkuXkke2lUrb+aEjRDIA\n6n5lJYDpmqqHS28ONYPqKJeNcC78kxynG2Nk8rcEK7iT1zj3rFIwmRwawva3XT1Po40pVXUTlKEV\nUlKNouEruPKpKT3S8jWsbSya61JdSt5Vt7FJHZFkCsjI/lrGWKHcWchc4HrU91Npn/CM2GbSTcZr\nkIfOHDhYcuf3fIORxx0607XLqN9OtXQFLzVljur8HjPkgwoRjtIwaT8qrwS6ZcaTb2l9OYms5p5W\nhCsWmWVU2CNlVlB3Jg7iOOae11pt182SuaahVkp6VEnCEpO3JCUW0k+s9L9VYsXs2nW2naK97bPe\nSNasPLEhiVUE0vzZUEliSfYY75pJtGsbS71Cad5JNLsUhkjQELLK1yqvDEWwQMAnccdB0qDVTYXF\nvpcNvfJK1tF9nnIjlULmR5N/zIMgB8YHNX76/wBJnnu7YXgkstQht1+0LHIDBNaoqIzo6qWVsMDt\nycGjTy0tb7v8yF7SKjy+1XO6jn7s9F7VPRNe6+Tmtazfm7FARabeWU2o21s8DWLIbuz80sskMjbA\n8bspZWVsA5z1zVuey0G11tdE8iaWOd4k+0mXDQmYLjaoTDbS3OetVENjY2M9hDepPPqBjSe5RJRF\nDCjeYfvorszMB0XgCrN3Ppc3ieDUYr5TYh4ZXm8uUFfJ2AoVKbiTs4wMUaeV9L7FPnc5JOt7NRqO\nn8d7pR5bve9+a19X6WMS5ha2uJ7VmDNBI0ZbHXYSuf0rpJLaw1XT9Es44ntl8u5la4Mm8RxxOzzM\nU2DcWCnHIxxWFqhhfUbqW1lFxBNI8iSBWXh2LYIkCnIzzxWxHqGmWNvpbJdC6NtHPBe2yJIrNHcl\nt+xnQKSqt69RSVru+3/BLxHPKFGUVP2ivJcqkrSdOS95bLVpe9/mVLWHSdYlewsbaW0utjvZTNL5\nnmNGpcpMpVQCyqcFeh7Gl1GHR7O2tJre3laa/t/OCSS5WE7mTIKopfJXocY/GksjpujXDajBfrez\nRq62UCRyI26RWjDzGRAqhA2cKTk/nTdYbT5LbTxZ3q3MlrAtvKipInIZ3LAyIox8wHrR0e1/kLV1\noKPtvZafF7Re9Z83M3ql8O/W/mZYoooqTsCiiigDsPhp/wAhS+/64L/6HXpDfdP0rzf4af8AIUvv\n+uC/+h16Q33T9K6aXwL5nyOdf7/P/DD/ANJQkf3F+g/lXnHxL/5Cdjj/AJ4N/wCh16PH9xfoP5V5\nx8S/+QpY/wDXBv8A0Oir8D+QZJ/v8P8ADP8A9JZjQwaKNE/tWe0nknS4W1dFuAisShk8wfuWx0xj\nn60xbayngk1TRC6T2OJLmwugkuIydvmo20K6gkAhl96FI/4RKX/sIp/6Jejw+Co1W7ORbxWE8Ujd\ni8wEUcefVmOR9Kw6peX9M+id1GrPmk3GpyqMpOUXF2XJyu61vZFKd9Q1DzNTnjklXhXnWPEaqgCh\nRsUIoUDGBThpt21guqLGWt2lMIABLZC792MY2475roIZXg16xtbzUJYryN4YDp9pGWtox8q+QxeV\nc5B+fCkZJ61Wvru8ttEnhtriWKNNUlgijjdhiMIcRrg/d9qLbt/0xLETbhCnGMU+Rr4lHkd1ZaK+\n2jWhhRW9xOjyW8EkqJ990VmA+pAIFRjBGR0Nb88z2Uenw3eoS2M0UKNBZ2EZbYH+cSSlpY18yTOT\njNU/EkccPiHUY4lCIJiQq8DkAnj6mk1p+H3m1Ou5z5baSjKcWr7RaW7STvdO60/MoW9vLd3MNnAM\ny3DrGg92IGT7DNXtb0+ysZYJNMkabTrlW8uV8Z8yJzHIvHuAw9iKl0DyLb7Zq927Rw28ZgheNQzi\ne4BRCqsyglV3N1FSJHp11oN1p1hNNPPZsdQjE0Sx/uwFinVSssmeMMRx0ppaeuv3ETqyVdWcuSDj\nCdk3Fue7b2XLePXqzHSGd3SOOJ2aT/VhVJLf7oA5/CmurRMySoY5EOGRgQwPoQea2f7QvE8IQpHM\n6k30kYcMdyxrFGfLU5yFJOSBVxGu7mbQb2MxveraTvLdXOWVUheUCV8csY15HuBRb9H943iJxu5R\njyqVSC953vBOSb00TtY5ya3ubYK08Lwh/uGRGUN9NwGavahZQJa6feafDKBeRO8sRbzdrJI0WQyo\nvB256VoQy29xpOtIl/c34WFJT9oj2oHEqASIxlkYNgkdBkU+z1JtNh8Ps0rxWtxBcQXRRiv7uSeZ\nN/HdN24e4oSXyav6a2IlXqOzjG84TcXH3oqa9k52s1e+1tPzOdCStkojMB94qCcfXHSlMNwIRcmF\nxAxwkpU7CfQNjBrXjGoaDY6jE8jrdXNx9iWNWI3iMh53AHXOUUH0Y1prdS32sfatH1BluwCF0K6V\n4gBGpDW6EAxcYO0cfnRb7+xU8TJXcYxlTV2ql3yvlSerSfKrtrmeiscxKtslrEwEq3bFjNvAERTj\nYYz1J65pskFzCqPNDJGkgzGzqVDD1UkcitqG5k/svQZpo3vBb302Lc5dikYgby0U54A6DpU/nT3K\n6nd6Zqp1FJYJXurK4EiSJE33nUNujJjB/hPT8qLfp+Qe3lH7OnNNOUm2rqbilzJWjtpfToXPhp/y\nFL7/AK4L/wCh16Q33T9K82+GeP7TvsdPIX/0OvSW+6fpW9L4F8z5vO/9/n/hh/6ShI/uL9B/KvOP\niXzqlj/1wb/0OvR4/uL9B/KvOPiX/wAhSx/64N/6HRV+B/IMk/3+H+Gf/pLMCHW3hsV002FpLbKw\nkbzFk3PIBtDsVlXnBxxxUN5ql1ewJabY7azRvMW2tkEaF8Y3tjLM2B1YmlitLx0Vo0Qxnb85AOC2\n3aG4zn5xQtrfMxRYkyFWToo+RxuVue2K59T6ZRoKTklG6bldyvaT62ezJz4gujOl79mt/wC0U2/6\nfsbzWK4G5gX8vcQMEhQaE8QXUcksq21vmWYXSKVfbFcAEebEPM6nOSGyM9qiNjqALAQodpKkgL1A\nDEc+xzTBbXhk8kRoX5GMKOVIBGSB0JxTvIXJhmtoNWt8W0Vql5JdESHWZ3SLzreCa6gURw3zqxmV\nV+5nDhGKjgFlJqHUb+XVLpr24jjjncDzTECocj+NgzNyfan/AGW9MvkCJDNgkptGeMdyMZwQeKGt\nrtVZtkZ2ZLgBSQAMknjHSlqVFUYyUoqKlZ2tLpLouyb6bC/2q50waR9lg8gN5nnbX83zOm8tv25x\nx93pTdM1KTSZXmhghnkdShM6swCsCrABWUfMDg5zTxY6gQrLCjBuhAXrjdjnvik+x32C3loUB2lg\nARu+b5eBnPyEUa/cL9y4yj7vLNtzXPu3v94Taq02nnTBaW8Vv5hmVo1cOrtgFlLSEfdAHTpU48Q3\nai1ENtbRfY1ZItqMd0b58yKQO7BlfcSePpis7zmP8K/98j/Cjzm/up/3yP8ACi77lOhTas4Jq7lZ\nyb1krN/NF6PW5IUmgt7K1htrhdlxbqshV+QwZi8jPlSOMNgelNlu5tYittLEFrbrbhhBLkxYU5dg\n0kshX5mJP16VTafYpdwiqOpKqBUEupQoB91iecBVHH1bH6U0pS2Ta2Ma1TC4d3qThSqfFHmk3K9r\nczju9NPTQ2Ne1A3V/brFKJk06KOFJ1+7LJGB5kvvuYde4ApP+EguhPJepa20eoy7t18qMJVL5DMg\n3+WGwcZ25/GsIa5ahcmIk5xtCqOPXJ/wqZdZ0txkl4jkDDQoevU5Vugq+Spvb8UcazHLFGNNz5lF\nct3CaTT1d7R2b1a2NWLXbq3gtILe3gjNk/mwTBWL+YQAzNucqd20Z4pv9sSrDNDbWtvavdL5dzcQ\nq4kdDyyfM7KobuFUVWikW5ybNo5gOuFCn8mA/Smu7jKOiqe42gH+VQ1Jb3R20ZYSvd0XCprzSUZN\nve/vRetr66rc6z4aDGp3wH/PBf8A0OvSG+6fpXm/w0/5Cl9/1wX/ANDr0hvun6VvS+BfM+czv/f5\n/wCGH/pKEj+4v0H8q83+JhA1Ox/64N/6Ga9Ij/1a/QfyqjqOg6Rq0iTajarPJGu1GYsMDOcfKR3q\npxco2X4nPl+JhhcTGtNOUUpJqNr6q3Wx5Ik+nlYDJPMCm0SpubgADcI8dOc4pJZ9OGVt5Zt7IVMr\nMQCxP8QGSVJy2P516h/whnhj/oHx/wDfT/8AxVH/AAhnhj/oHx/99P8A/FVl7KXkex/bODvflr+n\nu2/M8vin0/y1MtxN5+FL8tt3Aknpk4wR+XvQLqyKss0075cBMMeE/iPP6cV6dJ4R8KQo0stjFHGo\nyzs7AAepJfArmL7UfhlZSGFLYXcq8FbdZWA/4EWCn8CaPZS8g/tnB3b5a+uv2dPTU5hLu0cK8s0q\nzqDtO9iAzNzk9cEdcVFdy2nyfYpZD1Eocn0ABH15FdFFrnw4dgJtLlg3HGXV8dcdnrorHS/AGpKj\nWcdu/mfcQu6sT6bWYHP4Ueyl3Q1nWDTuoV9L6Pltr8zzQTyKcrKwOc8Meo70v2qfdu899w77jnt7\n+1eq3HhjwfaruubWCIYz88jDgegL81g6nd/DLSoXklijllX7sEQlZ2PouSB+Zpexl3Rf9u4P/n1U\n/wDAY/5nDAmRierE5J9SagFw00nkWUZnlztyPuhvTPetmO3fxfdpHp2npo2lLyTuZppOw3nsDnoB\n+Jq/cQW2nZstPUkbFikmXA9V+U+/T61caKWstfLoceMzydSPJhVKkmveqStz+kbXS9d/Q4y6sdSm\nlKH95t5ynC/RfpVOS3kVmjmYIE4IPDE9MYPP1rp7tLh5DCmfLCDzBnnH94sMleuAMVlSWxSBsFSw\nLEsxG1d2AMHnr3xWp4jbbbbu3q29W35syGidfl5x2Gcj+dRspJx36Y//AFVaaKNdqr8xIOSNpyfT\ng8DHrTnt1RAcfKwyx7+uAQNvHtQBUQsjBoyQw5z6VqWOo/OIrnLR9M5wRyPuZ7+3SqTRu44y/TkD\nkDng57/zpWtnjGOoxlSAefpmhpNWeqKhOVOSnCThOOsZRdmvmeo/DiPZql6ytvjaBSjjuNw7Hoa9\nFb7p+leBeFtdutB1aC5RsxE7JIScB0bqM9ugI9xXvaSpNCs0Zykih0PqGGQfypRioqy2NMTiZ4mp\n7WpbncYxk46JuKte3S4sf+rX6D+VOpsf+rX6D+VQakt81lMumsqXmP3TPyoORnggjpnGaZgWGZUU\nu5CqoyzHgADqSTXM6x480bTgY7InUrnHCW5zGPd5hlAPpk+1c/qmmeIp4Tda1aXuoCL/AJdoZY3Q\nkE7W+zxFVJx1wCarw6ppkS7XsxbyIOYpXSJhgY2shYnrxjGKAOd8Q6n4h8TXCNqb/ZrBWHl2yZCL\n6sw5LEDuaNJtba8kuIYIWia3DEM4IJ242F2+63mZPTpx1ram1Kzuv3V3Jbqq8obfBKjp1Ygcj1NW\nLa90GyiZbIvczt95mAVUPUZO9xyaYGVY6bKt40E0YeykWVrkycRqipwrBgNvJONvfFcsNOljlBsJ\nGfc2EU5HsuSeTkc8etde95byAxkIYYwA5dVYMwz5ZGSRnknp9Kk0qyhvJVRVTfMSQGGQAo43N94c\nen0oAqNp8qWzXbSvc3gwwJJIVuBwoO446ZOea5v7Os9+skifMM5zyxwemSfwr01/Js9PmW8TDk7Y\nlICrySOASSCeOoFcatu8d2ZEUSBXyQoLEkZ78ZA6ZyaANqxun+xyQ/PHDGoXKOdwOSACM8jHvUUs\na5EgJBlAjXexXBwOcggg4/GiwkVJZFuVBDEOquoxsPRQwZRjnuKmuruNrdmbByxGOQNvBX5VOAuD\nzigCGRIUkZTIu1F2hSVyGYYJIHzfex2+tY8lqhBAVWkcjey7sKBgZyMk596kGpiSdiPmbr5nHygZ\nxgkhs/hVa4uRsck8ScOJcOTjgKobOOD3oAprpoMiyx7WDDIVflOBx0IH6Gr8NmZAJpVKpjEbEDGV\n/hYYww7HPNZKTOZVeRiqFgfnOc89OuMD8q7K0cSxeYQrrgFhzkE8DK9wfYflQBifYvJbIyAOjEYG\nDnsOvOP0qrNEv7wFfkUfKcDDHrhQMcnrXTXUJmdVABWQFkOMEAg/K2etY11LZ27Gyfm5TJfIyi4/\n2ufwoAxGhliCzBdqDDBs9cDjsM9a9X+HWtHUtJks5Dl7XlCSMlHLYG0En5SOvvXlEzSBCEzlciQr\n1J9e/ABrX8Jaw2hazb3SH/Rm/dXqBuWR+Q2MgHbkNjr1pAe4x/6tfoP5U6mx/wCrX6D+VOoAKa8U\nUn+sRX/3gD/OnUUAY954T8O3o/e6fCj9pIkETA+u6Pbn8axtR+HWmXUUn2WZ4p25DOFYcc4yoVv1\nrsaKAPDL6x1Dw3dR2mpoyICfLkGdhzxuU8KQR7exrudBt7ODTxeIwIlziQ4UDdwDgk4I6cGuw1HT\nrPVrOSwv4hLbyjDKfzBB7EHpXl2q6L4i8LmaNC1zpT4EcyfwDoGbPQj0z+dAE2v6t+8a2gYSrICJ\nJM5UkdhggHrg1kWtxHDbBZnPmEYzgH5Tjgk4xnqazds98xkjJZOPMUEZXnPQ+ueuaTUJkYRWlnGX\nnDbYxyD6nGOoA60wNuWZHOAWk8oARFsljnBJw/I5zUc8zC3YoAEPyjB565IPIBPP5dqqXOlahoVv\nBdavFIRdBlS23BGLLyxJwxAAYZJH0yOa6XwTpUniazm1S5iW0t1k8q1481pAn3mZnIzgnGQOopAc\n1BYaleuvlRfKSFAAHHo2W6D2rZi8L2e5oFj+3XI/1dtb9CevzO3y8E89uK9Cj8N2m4NcSyTY/hzt\nX/x3n9adqcOo2GmGLwxbQfayyqol4RVPDOeVLEDsT/hQB5/N8Mta1BPPYWdhJgGOCNpCVA/gdlUr\n064BqtZTXVhJJo1/EYJ4cI8JHJHJDKVIDL3yvarLaZ8VZr/zmlnjnZf3kqzwrbgYGFSIMyHGD/AG\n7k1FD4G8bX2oGfUpFXzMCW6uJxJIAOhQR7iCOwBAoAttLY24jWViJB9zdnacgkkYBIPAway7u3td\nTOZQquOgYHcc4G0twSADznbitiT4eeII2URX0c44IeUnCnnkDaSfzqnrngifRLBdQGpNNqjvgQhc\nRFcZbIJLYA6txzjimBQ020la/TTYIYioV/MD/PIkaoX371C/3cYOf1qhqVnb2t4XhT93I25QMc4U\nxsqlemCc5+ldt8MbCOW0u9WkAa4kb7MXPJyoDSZPcHKj8KwZtPDzS25OQk7okwG0ZBJwM89RSA9c\nj/1a/Qfyp1Nj/wBWv0H8qdQAUUUUAFFFFABRXN+LtWvLGGK3sJfJkkIaaYIzske4DjajAFjwM9f1\nrhL291hZXhhu726luGYQwRSSsz/89REkTEHaPvYJA9T1oAm8RXFgl5qOsRBEErNGiJ8u7ZiLf8uC\nS2C1RaNofiaDShrOkR7L/VlMYn4aZIuoVNxUL5hGd5IwAOR3dZeHZLy6im17baWVsVI06JjLcNtH\nR0jB2A4wd2P612suu3cqj7DGLW0QADKbpQuP+eeAqgY45NAHHp4B8X65IJdZuRaoQEc3E7XUwT+I\nIEJQZ9N9emafY2ejafDYWwEVrbJtXJwPUsT6kkk1z8l/Bcruupt0ir1ZiACf70abcdOoH51QuY4G\nKSfZQyZyhjyMkdMKzDkevH40AdslxbyKzpKjKn32DAgd+SDxTkkSQbo2Dj1Ugj9K4ja9zIYrm2/c\ngAhiBJjkbQxQgn8a0TB4fv0ijuoxBJEW2+SxjXPQnIKk8Z6/lQB0cV1bTsVhmjkYdQjBiPqATUtc\n7JpPh642pETHNCQ2Ldykgx/eCnBBx6Yq8325E32Vz5wRR/o7KpJAH97Knn60AcN4m8Va9BfXKC5O\nm2yfJb7ArIGUfOHnMUgL5yCig4+nNYUt14n1eY27tLqN9LF5O5AGSOJjknEIQAkgZJA6c16DdOdT\njw9jDPcIr4V1aOSJn6usbb9r/wC1+IYjNTabYahYW/k26xwWQXi2tVAccAbw7qTISOuSG9z0oAZp\n9kPCvhe10xPmumXbI24L+9kBaR885CZwMDngVz5sCBkvmOINLMSMEM/AyCcjqcV0U9myzeZCZZ7k\n/wCrEwAAJ6leN4HrjGKoXjRWdlMFO+XeyTMPly/BJI9jjFAHYx/6tfoP5U6mx/6tfoP5U6gAoooo\nAKKKKAKWo6TZ6oqJdhjGrBnRGKb8BgquyEMVG4kDPWububDStIvp108bbkqqqQMC1icAukTE8GVv\nmOOeTz0rqNQv7bTLSS8umxHGCcDlmPZVHUk1w10xu4ttwxmu5nDNLJ9yME5woxjpwDQBZS4Cxm2g\niR8fdmUBY4wOrnHzccnhselWrfyj81wWnaIZ/ek53diR2/H+lZ9q5iSKaZhsxunJOOo3c+ijgVUf\nUNiagYoWMtzK7DcSFZWCosgx22kHGeKYGwt/Jcos3k+VBKxWEgYeRxjDIjZAXBzkj071WmEchLRP\n+7BJnkZ3O8jqEznp7VTXU5gsPlx+debGt7eLqEizzMR3Y7gB64oLzq3ksn+jrgLtIwvzbjuYggD1\nxmkBoo9s0aAIY4usaBQC3XGEflgRySwA/CiaJ5mW4CpawjGZWbMj84A5wg6Y4LfSsmC6lS4ku2j2\n3bfJaNJnYqsfmmYNgkn+HPGPxNV9RvLie5W2gZzAigT3CgliepWJflAyeM54H40wOnt0tpTucbvL\nztkjycDuS5Ubj64SphFbmSI29w5k+8pLDeR6kJswD9DmuVbV1itQjyhMfMwXjCg4WJCdu4k8scAf\n1YdXQqEWOV2mJCwxj52+XJdyOdmB1PH4dQDs1Wa4P7vUPMZDz8gLDvgYzge5PtT3VYFDzTuZOT+5\nUB+ByWkYttAHuBXMWGqypGsht3KnC4gRt2OnzO3yqOOT6dKui4lvUfKlHkUq+DlUBOcHnJJxjGOf\nXOaQGgb2KFJTFjc5AO05dh/CGZueScgd65LW7+4e2+ysQhuG3SHIG4FlYjGc4HHJA46jmth7LWJ5\nUW3tCIST5brhd78gySMx+4MgDA6Vt6X4StLMrc6gftt2CXMjjIDHqFB6KvRR+dAHQR/6tfoP5VXn\nGomU/ZzEsWOC4YnPPp2qxH/q1+g/lVXVfL+xsZJvI2sjJN82EcMCrEIV3AHqCcHoeM0AN26xg5kt\n85/uvjGD33etLaPdysknnQz2jLnzY+SWAAOCuFxuzXNnS9Gdzc/2tqMl5nm6WVwRyFJ2BBEFBIyN\nuPzFdFopgGnxR2zK8cXyB0i8lW/i3CPAAJzk44znFAF+iiigDFuvDNpd3ZvJZpmcnOCwbHGAFyOA\nPao28JafIQZJZmwc43YGf73A5Puc1vUUAYsnhXTJpYmlaVoYSCttuAiJHTcqqCcfWrp0jTW27rdW\nCABQckYHPQn1q7RQBClnaIMJBGv0UD+lL9ltsKPJTC52jaOM9ccd+9S0UARvb28jb5IkZum5lBOP\nTJFILS1BJEKZb7x2jnHTtUtFAFZ9O0+Sb7S9rC0/TzTGpbjgfMRnipEtLWIsY4I0L/fKoo3fXA5q\nWigBCiFQpUFR0GOPypQqgYAAHtRRQAUjfdP0paRvun6UAJH/AKtfoP5VT1mdbXTZ7opM5hXegtkE\nkwboDGh4JGeh7Vcj/wBWv0H8qdQBzcY8asUVF00RMMi6dZllUPyS0GcB88kbsZrftopIYEjmlaeU\nD55mABZupO1eAPQDpUtFABRRRQAUUUUAFFFFABRRRQAVja7Y6pdSW76bJ5YUP5/zlMlCs0OMeskY\nVv8AZY1s0UAc1BbeK7dlDT+ZGkkf7kLFtZDguDM7GQYJOflJ6YqO50vxGt5LLaTfuRcS3UIaQ53S\nI8Qj2nI2qAGAPG5unFdTRQBzT2PiDzJ54mZmlKm2E7x7oSPK3s6pmMlwp6D5ccfeNOmtvFirL9mu\nwzLgQ+YIcMCJizMBGvzD5AvIHr3ro6KAMfR/7a+1TRajMZYIo1KO0axs0kmCyEJlT5QTqrEHefSt\ndvun6UtI33T9KAIOnA6dqKKKACiiigAooooAKKKKACiiigAooooAKKKKACiiigAooooAKKKKAP/Z\n"
    }
   },
   "cell_type": "markdown",
   "metadata": {},
   "source": [
    "# Python for Data Visualization\n",
    "\n",
    "We'll use various languages, tools, and platforms for data analysis.\n",
    "Because most students already know Python, we'll start there.\n",
    "\n",
    "## Reference\n",
    "\n",
    "As a resource for data visualization using Python, we'll use \n",
    "_Python for Data Analysis, 2nd Edition_, Wes McKinney, O'Reilly Media, Inc., 2017\n",
    "\n",
    "![python-data-analysis-cover.jpg](python-data-analysis-cover.gif)\n",
    "\n",
    "You can buy it, rent it, or join [_O'Reilly Online Learning_](https://www.oreilly.com/online-learning/)\n",
    "(née _Safari_) and access it on-line.\n",
    "\n",
    "## Software Stack for Data Analysis and Visualization in Python\n",
    "\n",
    "These are some of the Python packages and other software that we will be using.\n",
    "\n",
    "1. [NumPy](https://numpy.org/) (\"Numerical Python\") \n",
    "   brings fast and efficient\n",
    "   multi-dimensional arrays to Python.\n",
    "1. [pandas](https://pandas.pydata.org/) (originally from \"panel data\")\n",
    "   provides data analysis and manipulation,\n",
    "   simplifying manipulation of tabular and similar structured data;\n",
    "   relies heavily on NumPy.\n",
    "1. [matplotlib](https://matplotlib.org/) (\"Mathematical Plotting Library\")\n",
    "   is a package for (mostly) two-dimensional plotting\n",
    "1. [seaborn](https://seaborn.pydata.org/)\n",
    "   provides higher-level graphing capability for \"statistica data visualization;\"\n",
    "   it runs atop `matplotlib`\n",
    "1. [IPython](https://ipython.org/) (\"Interative Python\")\n",
    "   aims to be a \"rich architecture for interactive computing.\"\n",
    "   Started as a \"better Python,\" but now aims to be a language-agnostic platform.\n",
    "   Python is still the best-supported language.\n",
    "1. [Jupyter](https://jupyter.org/)\n",
    "   is a platform for multi-language interactive computing;\n",
    "   supports Python and R and a bevy of other languages\n",
    "   \n",
    "These are just some of the very common packages and platforms.\n",
    "The Python ecosystem for data analysis is _enormous_.\n",
    "When embarking on a new project,\n",
    "don't reinvent the wheel:\n",
    "check for existing packages that could help solve your problem.\n",
    "\n",
    "## Jupyter\n",
    "\n",
    "We'll be using software from the [Jupyter Project](https://jupyter.org/).\n",
    "\n",
    "1. [JupyterLab](https://jupyterlab.readthedocs.io/en/latest/)\n",
    "   will be our main development environment.\n",
    "   JupyterLab allows you to construct interactive _notebooks_\n",
    "   that include code, prose, and graphics.\n",
    "1. [Jupyter Notebook](https://jupyter-notebook.readthedocs.io/en/stable/)\n",
    "   is the predecessor of JupyterLab.\n",
    "   However, it is still actively maintained\n",
    "   and actively referenced in the documentation and literature about Jupyter.\n",
    "   You can access the Jupyter Notebook interface from within JupyterLab.\n",
    "1. [JupyterHub](https://jupyterhub.readthedocs.io/en/stable/)\n",
    "   is a server-side platform that eases end user access to Jupyter Notebooks and JupyterLab.\n",
    "\n",
    "For this course,\n",
    "you can access Jupyter in (at least) two ways;\n",
    "\n",
    "1. Use our locally hosted instance of JupyterHub.\n",
    "   Navigate to http://jupyter.cse.taylor.edu to access our local JupyterHub instance.\n",
    "   The current installation of JupyterHub is _not_ using a TLS encrypted connection (i.e., no `https`).\n",
    "   This shouldn't be a big deal because the server is only visible on the campus network.\n",
    "   However, you should still be cautious about inadvertently sending sensitive data.\n",
    "1. Install JupyterLab locally on your own computer.\n",
    "   Consult the [installation documentation](https://jupyter.org/install) for details.\n",
    "   A local install is not particularly difficult\n",
    "   and it gives you access to Jupyter even when not on the campus network."
   ]
  },
  {
   "cell_type": "markdown",
   "metadata": {},
   "source": [
    "# NumPy\n",
    "\n",
    "First, we import the Python Numeric package, `numpy`. Convention dictates importing it as `np`."
   ]
  },
  {
   "cell_type": "code",
   "execution_count": 1,
   "metadata": {},
   "outputs": [],
   "source": [
    "import numpy as np"
   ]
  },
  {
   "cell_type": "markdown",
   "metadata": {},
   "source": [
    "## NumPy is fast"
   ]
  },
  {
   "cell_type": "code",
   "execution_count": 2,
   "metadata": {},
   "outputs": [],
   "source": [
    "py_list = list(range(1_000_000))  # Python list\n",
    "np_array = np.arange(1_000_000)   # NumPy list"
   ]
  },
  {
   "cell_type": "markdown",
   "metadata": {},
   "source": [
    "IPython supports \"magic\" commands, which start with a `%`.\n",
    "For example, `%time` measures the run time of the command it prefixes.\n",
    "\n",
    "We use this to measure how long it takes to double the elements in each list.\n",
    "\n",
    "Start with the NumPy array. Note that we can operate on `numpy` arrays with built-in operators\n",
    "like `*` for multiplication."
   ]
  },
  {
   "cell_type": "code",
   "execution_count": 3,
   "metadata": {},
   "outputs": [
    {
     "name": "stdout",
     "output_type": "stream",
     "text": [
      "CPU times: user 176 ms, sys: 79.6 ms, total: 255 ms\n",
      "Wall time: 116 ms\n"
     ]
    }
   ],
   "source": [
    "%time for _ in range(50): np_array = np_array * 2"
   ]
  },
  {
   "cell_type": "markdown",
   "metadata": {},
   "source": [
    "Now repeat the operation on a native Python list."
   ]
  },
  {
   "cell_type": "code",
   "execution_count": 4,
   "metadata": {},
   "outputs": [
    {
     "name": "stdout",
     "output_type": "stream",
     "text": [
      "CPU times: user 2.68 s, sys: 748 ms, total: 3.42 s\n",
      "Wall time: 3.43 s\n"
     ]
    }
   ],
   "source": [
    "%time for _ in range(50): py_list2 = [x * 2 for x in py_list]"
   ]
  },
  {
   "cell_type": "markdown",
   "metadata": {},
   "source": [
    "## NumPy handles matrices"
   ]
  },
  {
   "cell_type": "code",
   "execution_count": 5,
   "metadata": {},
   "outputs": [
    {
     "data": {
      "text/plain": [
       "array([[-2.18952514,  1.38444715,  0.69265913, -0.00255884],\n",
       "       [-0.94696982,  1.42845286,  0.25939072,  0.76552329],\n",
       "       [-0.281612  ,  0.34050919,  0.14810707, -1.34983176],\n",
       "       [ 1.28176616,  0.79932146, -0.11580422, -1.78900689],\n",
       "       [-0.99100784, -0.28280916,  0.35228597, -0.10311002],\n",
       "       [-0.43894875, -0.1873042 ,  0.01339569,  1.43018211],\n",
       "       [ 0.34095318, -0.09346963, -1.66392693, -0.37240826],\n",
       "       [ 1.07517982, -1.41866138, -2.0021654 ,  0.99802332]])"
      ]
     },
     "execution_count": 5,
     "metadata": {},
     "output_type": "execute_result"
    }
   ],
   "source": [
    "data = np.random.randn(8, 4)\n",
    "data"
   ]
  },
  {
   "cell_type": "code",
   "execution_count": 6,
   "metadata": {},
   "outputs": [
    {
     "data": {
      "text/plain": [
       "array([[-21.89525145,  13.84447146,   6.92659127,  -0.02558838],\n",
       "       [ -9.46969817,  14.2845286 ,   2.59390723,   7.65523287],\n",
       "       [ -2.81612002,   3.40509189,   1.48107074, -13.49831758],\n",
       "       [ 12.81766162,   7.99321461,  -1.15804222, -17.89006892],\n",
       "       [ -9.91007835,  -2.82809155,   3.52285967,  -1.03110025],\n",
       "       [ -4.38948746,  -1.87304201,   0.1339569 ,  14.30182107],\n",
       "       [  3.40953181,  -0.93469635, -16.63926928,  -3.72408258],\n",
       "       [ 10.75179824, -14.18661382, -20.02165401,   9.98023317]])"
      ]
     },
     "execution_count": 6,
     "metadata": {},
     "output_type": "execute_result"
    }
   ],
   "source": [
    "data * 10"
   ]
  },
  {
   "cell_type": "markdown",
   "metadata": {},
   "source": [
    "## NumPy matrices are typed"
   ]
  },
  {
   "cell_type": "code",
   "execution_count": 7,
   "metadata": {},
   "outputs": [
    {
     "data": {
      "text/plain": [
       "array([1., 3., 5., 3., 7., 9.])"
      ]
     },
     "execution_count": 7,
     "metadata": {},
     "output_type": "execute_result"
    }
   ],
   "source": [
    "np.array([1, 3, 5, 3, 7, 9], dtype=np.float64)"
   ]
  },
  {
   "cell_type": "code",
   "execution_count": 8,
   "metadata": {},
   "outputs": [
    {
     "data": {
      "text/plain": [
       "array([1, 3, 5, 3, 7, 9], dtype=int32)"
      ]
     },
     "execution_count": 8,
     "metadata": {},
     "output_type": "execute_result"
    }
   ],
   "source": [
    "np.array([1, 3, 5, 3, 7, 9], dtype=np.int32)"
   ]
  },
  {
   "cell_type": "markdown",
   "metadata": {},
   "source": [
    "## NumPy does arithmetic"
   ]
  },
  {
   "cell_type": "code",
   "execution_count": 9,
   "metadata": {},
   "outputs": [
    {
     "data": {
      "text/plain": [
       "array([[1, 3, 5],\n",
       "       [4, 6, 8]])"
      ]
     },
     "execution_count": 9,
     "metadata": {},
     "output_type": "execute_result"
    }
   ],
   "source": [
    "data = np.array([[1, 3, 5], [4, 6, 8]])\n",
    "data"
   ]
  },
  {
   "cell_type": "code",
   "execution_count": 10,
   "metadata": {},
   "outputs": [
    {
     "data": {
      "text/plain": [
       "array([[ 1,  9, 25],\n",
       "       [16, 36, 64]])"
      ]
     },
     "execution_count": 10,
     "metadata": {},
     "output_type": "execute_result"
    }
   ],
   "source": [
    "data * data"
   ]
  },
  {
   "cell_type": "code",
   "execution_count": 11,
   "metadata": {},
   "outputs": [
    {
     "data": {
      "text/plain": [
       "array([[ 3,  9, 15],\n",
       "       [12, 18, 24]])"
      ]
     },
     "execution_count": 11,
     "metadata": {},
     "output_type": "execute_result"
    }
   ],
   "source": [
    "data + (data * 2)"
   ]
  },
  {
   "cell_type": "code",
   "execution_count": 12,
   "metadata": {},
   "outputs": [
    {
     "data": {
      "text/plain": [
       "array([[17, 27, 37],\n",
       "       [27, 45, 63],\n",
       "       [37, 63, 89]])"
      ]
     },
     "execution_count": 12,
     "metadata": {},
     "output_type": "execute_result"
    }
   ],
   "source": [
    "data.T @ data"
   ]
  },
  {
   "cell_type": "markdown",
   "metadata": {},
   "source": [
    "## NumPy operates on entire arrays"
   ]
  },
  {
   "cell_type": "code",
   "execution_count": 13,
   "metadata": {},
   "outputs": [
    {
     "data": {
      "text/plain": [
       "array([-5. , -4.5, -4. , -3.5, -3. , -2.5, -2. , -1.5, -1. , -0.5,  0. ,\n",
       "        0.5,  1. ,  1.5,  2. ,  2.5,  3. ,  3.5,  4. ,  4.5])"
      ]
     },
     "execution_count": 13,
     "metadata": {},
     "output_type": "execute_result"
    }
   ],
   "source": [
    "points = np.arange(-5, 5, 0.5)\n",
    "points"
   ]
  },
  {
   "cell_type": "code",
   "execution_count": 14,
   "metadata": {},
   "outputs": [
    {
     "data": {
      "text/plain": [
       "array([[-5. , -4.5, -4. , -3.5, -3. , -2.5, -2. , -1.5, -1. , -0.5,  0. ,\n",
       "         0.5,  1. ,  1.5,  2. ,  2.5,  3. ,  3.5,  4. ,  4.5],\n",
       "       [-5. , -4.5, -4. , -3.5, -3. , -2.5, -2. , -1.5, -1. , -0.5,  0. ,\n",
       "         0.5,  1. ,  1.5,  2. ,  2.5,  3. ,  3.5,  4. ,  4.5],\n",
       "       [-5. , -4.5, -4. , -3.5, -3. , -2.5, -2. , -1.5, -1. , -0.5,  0. ,\n",
       "         0.5,  1. ,  1.5,  2. ,  2.5,  3. ,  3.5,  4. ,  4.5],\n",
       "       [-5. , -4.5, -4. , -3.5, -3. , -2.5, -2. , -1.5, -1. , -0.5,  0. ,\n",
       "         0.5,  1. ,  1.5,  2. ,  2.5,  3. ,  3.5,  4. ,  4.5],\n",
       "       [-5. , -4.5, -4. , -3.5, -3. , -2.5, -2. , -1.5, -1. , -0.5,  0. ,\n",
       "         0.5,  1. ,  1.5,  2. ,  2.5,  3. ,  3.5,  4. ,  4.5],\n",
       "       [-5. , -4.5, -4. , -3.5, -3. , -2.5, -2. , -1.5, -1. , -0.5,  0. ,\n",
       "         0.5,  1. ,  1.5,  2. ,  2.5,  3. ,  3.5,  4. ,  4.5],\n",
       "       [-5. , -4.5, -4. , -3.5, -3. , -2.5, -2. , -1.5, -1. , -0.5,  0. ,\n",
       "         0.5,  1. ,  1.5,  2. ,  2.5,  3. ,  3.5,  4. ,  4.5],\n",
       "       [-5. , -4.5, -4. , -3.5, -3. , -2.5, -2. , -1.5, -1. , -0.5,  0. ,\n",
       "         0.5,  1. ,  1.5,  2. ,  2.5,  3. ,  3.5,  4. ,  4.5],\n",
       "       [-5. , -4.5, -4. , -3.5, -3. , -2.5, -2. , -1.5, -1. , -0.5,  0. ,\n",
       "         0.5,  1. ,  1.5,  2. ,  2.5,  3. ,  3.5,  4. ,  4.5],\n",
       "       [-5. , -4.5, -4. , -3.5, -3. , -2.5, -2. , -1.5, -1. , -0.5,  0. ,\n",
       "         0.5,  1. ,  1.5,  2. ,  2.5,  3. ,  3.5,  4. ,  4.5],\n",
       "       [-5. , -4.5, -4. , -3.5, -3. , -2.5, -2. , -1.5, -1. , -0.5,  0. ,\n",
       "         0.5,  1. ,  1.5,  2. ,  2.5,  3. ,  3.5,  4. ,  4.5],\n",
       "       [-5. , -4.5, -4. , -3.5, -3. , -2.5, -2. , -1.5, -1. , -0.5,  0. ,\n",
       "         0.5,  1. ,  1.5,  2. ,  2.5,  3. ,  3.5,  4. ,  4.5],\n",
       "       [-5. , -4.5, -4. , -3.5, -3. , -2.5, -2. , -1.5, -1. , -0.5,  0. ,\n",
       "         0.5,  1. ,  1.5,  2. ,  2.5,  3. ,  3.5,  4. ,  4.5],\n",
       "       [-5. , -4.5, -4. , -3.5, -3. , -2.5, -2. , -1.5, -1. , -0.5,  0. ,\n",
       "         0.5,  1. ,  1.5,  2. ,  2.5,  3. ,  3.5,  4. ,  4.5],\n",
       "       [-5. , -4.5, -4. , -3.5, -3. , -2.5, -2. , -1.5, -1. , -0.5,  0. ,\n",
       "         0.5,  1. ,  1.5,  2. ,  2.5,  3. ,  3.5,  4. ,  4.5],\n",
       "       [-5. , -4.5, -4. , -3.5, -3. , -2.5, -2. , -1.5, -1. , -0.5,  0. ,\n",
       "         0.5,  1. ,  1.5,  2. ,  2.5,  3. ,  3.5,  4. ,  4.5],\n",
       "       [-5. , -4.5, -4. , -3.5, -3. , -2.5, -2. , -1.5, -1. , -0.5,  0. ,\n",
       "         0.5,  1. ,  1.5,  2. ,  2.5,  3. ,  3.5,  4. ,  4.5],\n",
       "       [-5. , -4.5, -4. , -3.5, -3. , -2.5, -2. , -1.5, -1. , -0.5,  0. ,\n",
       "         0.5,  1. ,  1.5,  2. ,  2.5,  3. ,  3.5,  4. ,  4.5],\n",
       "       [-5. , -4.5, -4. , -3.5, -3. , -2.5, -2. , -1.5, -1. , -0.5,  0. ,\n",
       "         0.5,  1. ,  1.5,  2. ,  2.5,  3. ,  3.5,  4. ,  4.5],\n",
       "       [-5. , -4.5, -4. , -3.5, -3. , -2.5, -2. , -1.5, -1. , -0.5,  0. ,\n",
       "         0.5,  1. ,  1.5,  2. ,  2.5,  3. ,  3.5,  4. ,  4.5]])"
      ]
     },
     "execution_count": 14,
     "metadata": {},
     "output_type": "execute_result"
    }
   ],
   "source": [
    "xs, ys = np.meshgrid(points, points)\n",
    "xs"
   ]
  },
  {
   "cell_type": "code",
   "execution_count": 15,
   "metadata": {},
   "outputs": [
    {
     "data": {
      "text/plain": [
       "array([[-5. , -5. , -5. , -5. , -5. , -5. , -5. , -5. , -5. , -5. , -5. ,\n",
       "        -5. , -5. , -5. , -5. , -5. , -5. , -5. , -5. , -5. ],\n",
       "       [-4.5, -4.5, -4.5, -4.5, -4.5, -4.5, -4.5, -4.5, -4.5, -4.5, -4.5,\n",
       "        -4.5, -4.5, -4.5, -4.5, -4.5, -4.5, -4.5, -4.5, -4.5],\n",
       "       [-4. , -4. , -4. , -4. , -4. , -4. , -4. , -4. , -4. , -4. , -4. ,\n",
       "        -4. , -4. , -4. , -4. , -4. , -4. , -4. , -4. , -4. ],\n",
       "       [-3.5, -3.5, -3.5, -3.5, -3.5, -3.5, -3.5, -3.5, -3.5, -3.5, -3.5,\n",
       "        -3.5, -3.5, -3.5, -3.5, -3.5, -3.5, -3.5, -3.5, -3.5],\n",
       "       [-3. , -3. , -3. , -3. , -3. , -3. , -3. , -3. , -3. , -3. , -3. ,\n",
       "        -3. , -3. , -3. , -3. , -3. , -3. , -3. , -3. , -3. ],\n",
       "       [-2.5, -2.5, -2.5, -2.5, -2.5, -2.5, -2.5, -2.5, -2.5, -2.5, -2.5,\n",
       "        -2.5, -2.5, -2.5, -2.5, -2.5, -2.5, -2.5, -2.5, -2.5],\n",
       "       [-2. , -2. , -2. , -2. , -2. , -2. , -2. , -2. , -2. , -2. , -2. ,\n",
       "        -2. , -2. , -2. , -2. , -2. , -2. , -2. , -2. , -2. ],\n",
       "       [-1.5, -1.5, -1.5, -1.5, -1.5, -1.5, -1.5, -1.5, -1.5, -1.5, -1.5,\n",
       "        -1.5, -1.5, -1.5, -1.5, -1.5, -1.5, -1.5, -1.5, -1.5],\n",
       "       [-1. , -1. , -1. , -1. , -1. , -1. , -1. , -1. , -1. , -1. , -1. ,\n",
       "        -1. , -1. , -1. , -1. , -1. , -1. , -1. , -1. , -1. ],\n",
       "       [-0.5, -0.5, -0.5, -0.5, -0.5, -0.5, -0.5, -0.5, -0.5, -0.5, -0.5,\n",
       "        -0.5, -0.5, -0.5, -0.5, -0.5, -0.5, -0.5, -0.5, -0.5],\n",
       "       [ 0. ,  0. ,  0. ,  0. ,  0. ,  0. ,  0. ,  0. ,  0. ,  0. ,  0. ,\n",
       "         0. ,  0. ,  0. ,  0. ,  0. ,  0. ,  0. ,  0. ,  0. ],\n",
       "       [ 0.5,  0.5,  0.5,  0.5,  0.5,  0.5,  0.5,  0.5,  0.5,  0.5,  0.5,\n",
       "         0.5,  0.5,  0.5,  0.5,  0.5,  0.5,  0.5,  0.5,  0.5],\n",
       "       [ 1. ,  1. ,  1. ,  1. ,  1. ,  1. ,  1. ,  1. ,  1. ,  1. ,  1. ,\n",
       "         1. ,  1. ,  1. ,  1. ,  1. ,  1. ,  1. ,  1. ,  1. ],\n",
       "       [ 1.5,  1.5,  1.5,  1.5,  1.5,  1.5,  1.5,  1.5,  1.5,  1.5,  1.5,\n",
       "         1.5,  1.5,  1.5,  1.5,  1.5,  1.5,  1.5,  1.5,  1.5],\n",
       "       [ 2. ,  2. ,  2. ,  2. ,  2. ,  2. ,  2. ,  2. ,  2. ,  2. ,  2. ,\n",
       "         2. ,  2. ,  2. ,  2. ,  2. ,  2. ,  2. ,  2. ,  2. ],\n",
       "       [ 2.5,  2.5,  2.5,  2.5,  2.5,  2.5,  2.5,  2.5,  2.5,  2.5,  2.5,\n",
       "         2.5,  2.5,  2.5,  2.5,  2.5,  2.5,  2.5,  2.5,  2.5],\n",
       "       [ 3. ,  3. ,  3. ,  3. ,  3. ,  3. ,  3. ,  3. ,  3. ,  3. ,  3. ,\n",
       "         3. ,  3. ,  3. ,  3. ,  3. ,  3. ,  3. ,  3. ,  3. ],\n",
       "       [ 3.5,  3.5,  3.5,  3.5,  3.5,  3.5,  3.5,  3.5,  3.5,  3.5,  3.5,\n",
       "         3.5,  3.5,  3.5,  3.5,  3.5,  3.5,  3.5,  3.5,  3.5],\n",
       "       [ 4. ,  4. ,  4. ,  4. ,  4. ,  4. ,  4. ,  4. ,  4. ,  4. ,  4. ,\n",
       "         4. ,  4. ,  4. ,  4. ,  4. ,  4. ,  4. ,  4. ,  4. ],\n",
       "       [ 4.5,  4.5,  4.5,  4.5,  4.5,  4.5,  4.5,  4.5,  4.5,  4.5,  4.5,\n",
       "         4.5,  4.5,  4.5,  4.5,  4.5,  4.5,  4.5,  4.5,  4.5]])"
      ]
     },
     "execution_count": 15,
     "metadata": {},
     "output_type": "execute_result"
    }
   ],
   "source": [
    "ys"
   ]
  },
  {
   "cell_type": "code",
   "execution_count": 16,
   "metadata": {},
   "outputs": [
    {
     "data": {
      "text/plain": [
       "array([[7.07106781, 6.72681202, 6.40312424, 6.10327781, 5.83095189,\n",
       "        5.59016994, 5.38516481, 5.22015325, 5.09901951, 5.02493781,\n",
       "        5.        , 5.02493781, 5.09901951, 5.22015325, 5.38516481,\n",
       "        5.59016994, 5.83095189, 6.10327781, 6.40312424, 6.72681202],\n",
       "       [6.72681202, 6.36396103, 6.02079729, 5.70087713, 5.40832691,\n",
       "        5.14781507, 4.9244289 , 4.74341649, 4.60977223, 4.52769257,\n",
       "        4.5       , 4.52769257, 4.60977223, 4.74341649, 4.9244289 ,\n",
       "        5.14781507, 5.40832691, 5.70087713, 6.02079729, 6.36396103],\n",
       "       [6.40312424, 6.02079729, 5.65685425, 5.31507291, 5.        ,\n",
       "        4.71699057, 4.47213595, 4.27200187, 4.12310563, 4.03112887,\n",
       "        4.        , 4.03112887, 4.12310563, 4.27200187, 4.47213595,\n",
       "        4.71699057, 5.        , 5.31507291, 5.65685425, 6.02079729],\n",
       "       [6.10327781, 5.70087713, 5.31507291, 4.94974747, 4.60977223,\n",
       "        4.30116263, 4.03112887, 3.80788655, 3.64005494, 3.53553391,\n",
       "        3.5       , 3.53553391, 3.64005494, 3.80788655, 4.03112887,\n",
       "        4.30116263, 4.60977223, 4.94974747, 5.31507291, 5.70087713],\n",
       "       [5.83095189, 5.40832691, 5.        , 4.60977223, 4.24264069,\n",
       "        3.90512484, 3.60555128, 3.35410197, 3.16227766, 3.04138127,\n",
       "        3.        , 3.04138127, 3.16227766, 3.35410197, 3.60555128,\n",
       "        3.90512484, 4.24264069, 4.60977223, 5.        , 5.40832691],\n",
       "       [5.59016994, 5.14781507, 4.71699057, 4.30116263, 3.90512484,\n",
       "        3.53553391, 3.20156212, 2.91547595, 2.6925824 , 2.54950976,\n",
       "        2.5       , 2.54950976, 2.6925824 , 2.91547595, 3.20156212,\n",
       "        3.53553391, 3.90512484, 4.30116263, 4.71699057, 5.14781507],\n",
       "       [5.38516481, 4.9244289 , 4.47213595, 4.03112887, 3.60555128,\n",
       "        3.20156212, 2.82842712, 2.5       , 2.23606798, 2.06155281,\n",
       "        2.        , 2.06155281, 2.23606798, 2.5       , 2.82842712,\n",
       "        3.20156212, 3.60555128, 4.03112887, 4.47213595, 4.9244289 ],\n",
       "       [5.22015325, 4.74341649, 4.27200187, 3.80788655, 3.35410197,\n",
       "        2.91547595, 2.5       , 2.12132034, 1.80277564, 1.58113883,\n",
       "        1.5       , 1.58113883, 1.80277564, 2.12132034, 2.5       ,\n",
       "        2.91547595, 3.35410197, 3.80788655, 4.27200187, 4.74341649],\n",
       "       [5.09901951, 4.60977223, 4.12310563, 3.64005494, 3.16227766,\n",
       "        2.6925824 , 2.23606798, 1.80277564, 1.41421356, 1.11803399,\n",
       "        1.        , 1.11803399, 1.41421356, 1.80277564, 2.23606798,\n",
       "        2.6925824 , 3.16227766, 3.64005494, 4.12310563, 4.60977223],\n",
       "       [5.02493781, 4.52769257, 4.03112887, 3.53553391, 3.04138127,\n",
       "        2.54950976, 2.06155281, 1.58113883, 1.11803399, 0.70710678,\n",
       "        0.5       , 0.70710678, 1.11803399, 1.58113883, 2.06155281,\n",
       "        2.54950976, 3.04138127, 3.53553391, 4.03112887, 4.52769257],\n",
       "       [5.        , 4.5       , 4.        , 3.5       , 3.        ,\n",
       "        2.5       , 2.        , 1.5       , 1.        , 0.5       ,\n",
       "        0.        , 0.5       , 1.        , 1.5       , 2.        ,\n",
       "        2.5       , 3.        , 3.5       , 4.        , 4.5       ],\n",
       "       [5.02493781, 4.52769257, 4.03112887, 3.53553391, 3.04138127,\n",
       "        2.54950976, 2.06155281, 1.58113883, 1.11803399, 0.70710678,\n",
       "        0.5       , 0.70710678, 1.11803399, 1.58113883, 2.06155281,\n",
       "        2.54950976, 3.04138127, 3.53553391, 4.03112887, 4.52769257],\n",
       "       [5.09901951, 4.60977223, 4.12310563, 3.64005494, 3.16227766,\n",
       "        2.6925824 , 2.23606798, 1.80277564, 1.41421356, 1.11803399,\n",
       "        1.        , 1.11803399, 1.41421356, 1.80277564, 2.23606798,\n",
       "        2.6925824 , 3.16227766, 3.64005494, 4.12310563, 4.60977223],\n",
       "       [5.22015325, 4.74341649, 4.27200187, 3.80788655, 3.35410197,\n",
       "        2.91547595, 2.5       , 2.12132034, 1.80277564, 1.58113883,\n",
       "        1.5       , 1.58113883, 1.80277564, 2.12132034, 2.5       ,\n",
       "        2.91547595, 3.35410197, 3.80788655, 4.27200187, 4.74341649],\n",
       "       [5.38516481, 4.9244289 , 4.47213595, 4.03112887, 3.60555128,\n",
       "        3.20156212, 2.82842712, 2.5       , 2.23606798, 2.06155281,\n",
       "        2.        , 2.06155281, 2.23606798, 2.5       , 2.82842712,\n",
       "        3.20156212, 3.60555128, 4.03112887, 4.47213595, 4.9244289 ],\n",
       "       [5.59016994, 5.14781507, 4.71699057, 4.30116263, 3.90512484,\n",
       "        3.53553391, 3.20156212, 2.91547595, 2.6925824 , 2.54950976,\n",
       "        2.5       , 2.54950976, 2.6925824 , 2.91547595, 3.20156212,\n",
       "        3.53553391, 3.90512484, 4.30116263, 4.71699057, 5.14781507],\n",
       "       [5.83095189, 5.40832691, 5.        , 4.60977223, 4.24264069,\n",
       "        3.90512484, 3.60555128, 3.35410197, 3.16227766, 3.04138127,\n",
       "        3.        , 3.04138127, 3.16227766, 3.35410197, 3.60555128,\n",
       "        3.90512484, 4.24264069, 4.60977223, 5.        , 5.40832691],\n",
       "       [6.10327781, 5.70087713, 5.31507291, 4.94974747, 4.60977223,\n",
       "        4.30116263, 4.03112887, 3.80788655, 3.64005494, 3.53553391,\n",
       "        3.5       , 3.53553391, 3.64005494, 3.80788655, 4.03112887,\n",
       "        4.30116263, 4.60977223, 4.94974747, 5.31507291, 5.70087713],\n",
       "       [6.40312424, 6.02079729, 5.65685425, 5.31507291, 5.        ,\n",
       "        4.71699057, 4.47213595, 4.27200187, 4.12310563, 4.03112887,\n",
       "        4.        , 4.03112887, 4.12310563, 4.27200187, 4.47213595,\n",
       "        4.71699057, 5.        , 5.31507291, 5.65685425, 6.02079729],\n",
       "       [6.72681202, 6.36396103, 6.02079729, 5.70087713, 5.40832691,\n",
       "        5.14781507, 4.9244289 , 4.74341649, 4.60977223, 4.52769257,\n",
       "        4.5       , 4.52769257, 4.60977223, 4.74341649, 4.9244289 ,\n",
       "        5.14781507, 5.40832691, 5.70087713, 6.02079729, 6.36396103]])"
      ]
     },
     "execution_count": 16,
     "metadata": {},
     "output_type": "execute_result"
    }
   ],
   "source": [
    "z = np.sqrt(xs ** 2 + ys ** 2)\n",
    "z"
   ]
  },
  {
   "cell_type": "markdown",
   "metadata": {},
   "source": [
    "## NumPy can drive visualizations"
   ]
  },
  {
   "cell_type": "code",
   "execution_count": 17,
   "metadata": {},
   "outputs": [],
   "source": [
    "%matplotlib inline"
   ]
  },
  {
   "cell_type": "code",
   "execution_count": 18,
   "metadata": {},
   "outputs": [],
   "source": [
    "import matplotlib.pyplot as plt"
   ]
  },
  {
   "cell_type": "code",
   "execution_count": 19,
   "metadata": {},
   "outputs": [
    {
     "data": {
      "text/plain": [
       "Text(0.5, 1.0, 'Plot of $\\\\sqrt{x^2 + y^2}$ for grid of values')"
      ]
     },
     "execution_count": 19,
     "metadata": {},
     "output_type": "execute_result"
    },
    {
     "data": {
